tm,MVm,PVm
0.000000000000000000e+00,0.000000000000000000e+00,0.000000000000000000e+00
1.000000000000000000e+00,1.000000000000000000e+00,0.000000000000000000e+00
2.000000000000000000e+00,1.000000000000000000e+00,0.000000000000000000e+00
3.000000000000000000e+00,1.000000000000000000e+00,1.600000000000001378e-03
4.000000000000000000e+00,1.000000000000000000e+00,8.000000000000894850e-04
5.000000000000000000e+00,1.000000000000000000e+00,8.000000000000894850e-04
6.000000000000000000e+00,1.000000000000000000e+00,5.625000000000035354e-03
7.000000000000000000e+00,1.000000000000000000e+00,4.825000000000123461e-03
8.000000000000000000e+00,1.000000000000000000e+00,0.000000000000000000e+00
9.000000000000000000e+00,1.000000000000000000e+00,0.000000000000000000e+00
1.000000000000000000e+01,1.000000000000000000e+00,0.000000000000000000e+00
1.100000000000000000e+01,1.000000000000000000e+00,2.400000000000090863e-03
1.200000000000000000e+01,1.000000000000000000e+00,8.000000000000894850e-04
1.300000000000000000e+01,1.000000000000000000e+00,0.000000000000000000e+00
1.400000000000000000e+01,1.000000000000000000e+00,4.825000000000123461e-03
1.500000000000000000e+01,1.000000000000000000e+00,4.825000000000123461e-03
1.600000000000000000e+01,1.000000000000000000e+00,6.425000000000125056e-03
1.700000000000000000e+01,1.000000000000000000e+00,7.250000000000156493e-03
1.800000000000000000e+01,1.000000000000000000e+00,8.050000000000067518e-03
1.900000000000000000e+01,1.000000000000000000e+00,8.050000000000067518e-03
2.000000000000000000e+01,1.000000000000000000e+00,8.050000000000067518e-03
2.100000000000000000e+01,1.000000000000000000e+00,8.050000000000067518e-03
2.200000000000000000e+01,1.000000000000000000e+00,9.650000000000069980e-03
2.300000000000000000e+01,1.000000000000000000e+00,1.127500000000001244e-02
2.400000000000000000e+01,1.000000000000000000e+00,1.047500000000010055e-02
2.500000000000000000e+01,1.000000000000000000e+00,1.610000000000013504e-02
2.600000000000000000e+01,1.000000000000000000e+00,1.610000000000013504e-02
2.700000000000000000e+01,1.000000000000000000e+00,1.610000000000013504e-02
2.800000000000000000e+01,1.000000000000000000e+00,1.772500000000008097e-02
2.900000000000000000e+01,1.000000000000000000e+00,2.012499999999999359e-02
3.000000000000000000e+01,1.000000000000000000e+00,2.415000000000002561e-02
3.100000000000000000e+01,1.000000000000000000e+00,2.415000000000002561e-02
3.200000000000000000e+01,1.000000000000000000e+00,2.415000000000002561e-02
3.300000000000000000e+01,1.000000000000000000e+00,2.415000000000002561e-02
3.400000000000000000e+01,1.000000000000000000e+00,2.415000000000002561e-02
3.500000000000000000e+01,1.000000000000000000e+00,3.060000000000009240e-02
3.600000000000000000e+01,1.000000000000000000e+00,3.222500000000003834e-02
3.700000000000000000e+01,1.000000000000000000e+00,3.222500000000003834e-02
3.800000000000000000e+01,1.000000000000000000e+00,3.222500000000003834e-02
3.900000000000000000e+01,1.000000000000000000e+00,3.302500000000012370e-02
4.000000000000000000e+01,1.000000000000000000e+00,3.382500000000003559e-02
4.100000000000000000e+01,1.000000000000000000e+00,4.027500000000010238e-02
4.200000000000000000e+01,1.000000000000000000e+00,4.027500000000010238e-02
4.300000000000000000e+01,1.000000000000000000e+00,4.270000000000014062e-02
4.400000000000000000e+01,1.000000000000000000e+00,4.752500000000008107e-02
4.500000000000000000e+01,1.000000000000000000e+00,4.832499999999999296e-02
4.600000000000000000e+01,1.000000000000000000e+00,4.832499999999999296e-02
4.700000000000000000e+01,1.000000000000000000e+00,4.832499999999999296e-02
4.800000000000000000e+01,1.000000000000000000e+00,5.235000000000002846e-02
4.900000000000000000e+01,1.000000000000000000e+00,5.637500000000006395e-02
5.000000000000000000e+01,1.000000000000000000e+00,5.637500000000006395e-02
5.100000000000000000e+01,1.000000000000000000e+00,5.637500000000006395e-02
5.200000000000000000e+01,1.000000000000000000e+00,5.637500000000006395e-02
5.300000000000000000e+01,1.000000000000000000e+00,6.122500000000012654e-02
5.400000000000000000e+01,1.000000000000000000e+00,6.445000000000007667e-02
5.500000000000000000e+01,1.000000000000000000e+00,6.445000000000007667e-02
5.600000000000000000e+01,1.000000000000000000e+00,6.445000000000007667e-02
5.700000000000000000e+01,1.000000000000000000e+00,6.445000000000007667e-02
5.800000000000000000e+01,1.000000000000000000e+00,6.445000000000007667e-02
5.900000000000000000e+01,1.000000000000000000e+00,6.525000000000016898e-02
6.000000000000000000e+01,1.000000000000000000e+00,6.525000000000016898e-02
6.100000000000000000e+01,1.000000000000000000e+00,6.605000000000008087e-02
6.200000000000000000e+01,1.000000000000000000e+00,7.170000000000005536e-02
6.300000000000000000e+01,1.000000000000000000e+00,7.250000000000014766e-02
6.400000000000000000e+01,1.000000000000000000e+00,7.250000000000014766e-02
6.500000000000000000e+01,1.000000000000000000e+00,8.055000000000003824e-02
6.600000000000000000e+01,1.000000000000000000e+00,8.055000000000003824e-02
6.700000000000000000e+01,1.000000000000000000e+00,8.055000000000003824e-02
6.800000000000000000e+01,1.000000000000000000e+00,8.297500000000006259e-02
6.900000000000000000e+01,1.000000000000000000e+00,8.700000000000010503e-02
7.000000000000000000e+01,1.000000000000000000e+00,8.700000000000010503e-02
7.100000000000000000e+01,1.000000000000000000e+00,8.860000000000009535e-02
7.200000000000000000e+01,1.000000000000000000e+00,8.860000000000009535e-02
7.300000000000000000e+01,1.000000000000000000e+00,8.860000000000009535e-02
7.400000000000000000e+01,1.000000000000000000e+00,9.102500000000013358e-02
7.500000000000000000e+01,1.000000000000000000e+00,9.667500000000010807e-02
7.600000000000000000e+01,1.000000000000000000e+00,9.667500000000010807e-02
7.700000000000000000e+01,1.000000000000000000e+00,9.667500000000010807e-02
7.800000000000000000e+01,1.000000000000000000e+00,9.907500000000002416e-02
7.900000000000000000e+01,1.000000000000000000e+00,9.747500000000001996e-02
8.000000000000000000e+01,1.000000000000000000e+00,1.023000000000001408e-01
8.100000000000000000e+01,1.000000000000000000e+00,1.047249999999999986e-01
8.200000000000000000e+01,1.000000000000000000e+00,1.047249999999999986e-01
8.300000000000000000e+01,1.000000000000000000e+00,1.047249999999999986e-01
8.400000000000000000e+01,1.000000000000000000e+00,1.047249999999999986e-01
8.500000000000000000e+01,1.000000000000000000e+00,1.063250000000000028e-01
8.600000000000000000e+01,1.000000000000000000e+00,1.127750000000000696e-01
8.700000000000000000e+01,1.000000000000000000e+00,1.127750000000000696e-01
8.800000000000000000e+01,1.000000000000000000e+00,1.127750000000000696e-01
8.900000000000000000e+01,1.000000000000000000e+00,1.144000000000000156e-01
9.000000000000000000e+01,1.000000000000000000e+00,1.192250000000001364e-01
9.100000000000000000e+01,1.000000000000000000e+00,1.208500000000000824e-01
9.200000000000000000e+01,1.000000000000000000e+00,1.208500000000000824e-01
9.300000000000000000e+01,1.000000000000000000e+00,1.208500000000000824e-01
9.400000000000000000e+01,1.000000000000000000e+00,1.264750000000001151e-01
9.500000000000000000e+01,1.000000000000000000e+00,1.264750000000001151e-01
9.600000000000000000e+01,1.000000000000000000e+00,1.281000000000000472e-01
9.700000000000000000e+01,1.000000000000000000e+00,1.289000000000001533e-01
9.800000000000000000e+01,1.000000000000000000e+00,1.289000000000001533e-01
9.900000000000000000e+01,1.000000000000000000e+00,1.289000000000001533e-01
1.000000000000000000e+02,1.000000000000000000e+00,1.329250000000000154e-01
1.010000000000000000e+02,1.000000000000000000e+00,1.369500000000000439e-01
1.020000000000000000e+02,1.000000000000000000e+00,1.369500000000000439e-01
1.030000000000000000e+02,1.000000000000000000e+00,1.369500000000000439e-01
1.040000000000000000e+02,1.000000000000000000e+00,1.417750000000001509e-01
1.050000000000000000e+02,1.000000000000000000e+00,1.450000000000001010e-01
1.060000000000000000e+02,1.000000000000000000e+00,1.450000000000001010e-01
1.070000000000000000e+02,1.000000000000000000e+00,1.458250000000001489e-01
1.080000000000000000e+02,1.000000000000000000e+00,1.490250000000001296e-01
1.090000000000000000e+02,1.000000000000000000e+00,1.522500000000000797e-01
1.100000000000000000e+02,1.000000000000000000e+00,1.530750000000001276e-01
1.110000000000000000e+02,1.000000000000000000e+00,1.530750000000001276e-01
1.120000000000000000e+02,1.000000000000000000e+00,1.530750000000001276e-01
1.130000000000000000e+02,1.000000000000000000e+00,1.554750000000000298e-01
1.140000000000000000e+02,1.000000000000000000e+00,1.595000000000000584e-01
1.150000000000000000e+02,1.000000000000000000e+00,1.611250000000000182e-01
1.160000000000000000e+02,1.000000000000000000e+00,1.611250000000000182e-01
1.170000000000000000e+02,1.000000000000000000e+00,1.611250000000000182e-01
1.180000000000000000e+02,1.000000000000000000e+00,1.611250000000000182e-01
1.190000000000000000e+02,1.000000000000000000e+00,1.611250000000000182e-01
1.200000000000000000e+02,1.000000000000000000e+00,1.611250000000000182e-01
1.210000000000000000e+02,1.000000000000000000e+00,1.619250000000000966e-01
1.220000000000000000e+02,1.000000000000000000e+00,1.627250000000000085e-01
1.230000000000000000e+02,1.000000000000000000e+00,1.643500000000001349e-01
1.240000000000000000e+02,1.000000000000000000e+00,1.691750000000000753e-01
1.250000000000000000e+02,1.000000000000000000e+00,1.691750000000000753e-01
1.260000000000000000e+02,1.000000000000000000e+00,1.691750000000000753e-01
1.270000000000000000e+02,1.000000000000000000e+00,1.691750000000000753e-01
1.280000000000000000e+02,1.000000000000000000e+00,1.651500000000000468e-01
1.290000000000000000e+02,1.000000000000000000e+00,1.667500000000000371e-01
1.300000000000000000e+02,1.000000000000000000e+00,1.691750000000000753e-01
1.310000000000000000e+02,1.000000000000000000e+00,1.691750000000000753e-01
1.320000000000000000e+02,1.000000000000000000e+00,1.691750000000000753e-01
1.330000000000000000e+02,1.000000000000000000e+00,1.699750000000001537e-01
1.340000000000000000e+02,1.000000000000000000e+00,1.716000000000001136e-01
1.350000000000000000e+02,1.000000000000000000e+00,1.756250000000001421e-01
1.360000000000000000e+02,1.000000000000000000e+00,1.764250000000000540e-01
1.370000000000000000e+02,1.000000000000000000e+00,1.772250000000001324e-01
1.380000000000000000e+02,1.000000000000000000e+00,1.772250000000001324e-01
1.390000000000000000e+02,1.000000000000000000e+00,1.772250000000001324e-01
1.400000000000000000e+02,1.000000000000000000e+00,1.812750000000001305e-01
1.410000000000000000e+02,1.000000000000000000e+00,1.820750000000000424e-01
1.420000000000000000e+02,1.000000000000000000e+00,1.836750000000000327e-01
1.430000000000000000e+02,1.000000000000000000e+00,1.853000000000001590e-01
1.440000000000000000e+02,1.000000000000000000e+00,1.853000000000001590e-01
1.450000000000000000e+02,1.000000000000000000e+00,1.853000000000001590e-01
1.460000000000000000e+02,1.000000000000000000e+00,1.853000000000001590e-01
1.470000000000000000e+02,1.000000000000000000e+00,1.853000000000001590e-01
1.480000000000000000e+02,1.000000000000000000e+00,1.853000000000001590e-01
1.490000000000000000e+02,1.000000000000000000e+00,1.844750000000001111e-01
1.500000000000000000e+02,1.000000000000000000e+00,1.853000000000001590e-01
1.510000000000000000e+02,1.000000000000000000e+00,1.853000000000001590e-01
1.520000000000000000e+02,1.000000000000000000e+00,1.853000000000001590e-01
1.530000000000000000e+02,1.000000000000000000e+00,1.853000000000001590e-01
1.540000000000000000e+02,1.000000000000000000e+00,1.853000000000001590e-01
1.550000000000000000e+02,1.000000000000000000e+00,1.853000000000001590e-01
1.560000000000000000e+02,1.000000000000000000e+00,1.853000000000001590e-01
1.570000000000000000e+02,1.000000000000000000e+00,1.869000000000001493e-01
1.580000000000000000e+02,1.000000000000000000e+00,1.893250000000000210e-01
1.590000000000000000e+02,1.000000000000000000e+00,1.893250000000000210e-01
1.600000000000000000e+02,1.000000000000000000e+00,1.893250000000000210e-01
1.610000000000000000e+02,1.000000000000000000e+00,1.909250000000000114e-01
1.620000000000000000e+02,1.000000000000000000e+00,1.933500000000000496e-01
1.630000000000000000e+02,1.000000000000000000e+00,1.933500000000000496e-01
1.640000000000000000e+02,1.000000000000000000e+00,1.933500000000000496e-01
1.650000000000000000e+02,1.000000000000000000e+00,1.885250000000001092e-01
1.660000000000000000e+02,1.000000000000000000e+00,1.780499999999999861e-01
1.670000000000000000e+02,1.000000000000000000e+00,1.804500000000000826e-01
1.680000000000000000e+02,1.000000000000000000e+00,1.853000000000001590e-01
1.690000000000000000e+02,1.000000000000000000e+00,1.853000000000001590e-01
1.700000000000000000e+02,1.000000000000000000e+00,1.861000000000000709e-01
1.710000000000000000e+02,1.000000000000000000e+00,1.909250000000000114e-01
1.720000000000000000e+02,1.000000000000000000e+00,1.933500000000000496e-01
1.730000000000000000e+02,1.000000000000000000e+00,1.933500000000000496e-01
1.740000000000000000e+02,1.000000000000000000e+00,1.933500000000000496e-01
1.750000000000000000e+02,1.000000000000000000e+00,1.990000000000000102e-01
1.760000000000000000e+02,1.000000000000000000e+00,2.014000000000001067e-01
1.770000000000000000e+02,1.000000000000000000e+00,2.014000000000001067e-01
1.780000000000000000e+02,1.000000000000000000e+00,2.014000000000001067e-01
1.790000000000000000e+02,1.000000000000000000e+00,2.014000000000001067e-01
1.800000000000000000e+02,1.000000000000000000e+00,2.014000000000001067e-01
1.810000000000000000e+02,1.000000000000000000e+00,2.014000000000001067e-01
1.820000000000000000e+02,1.000000000000000000e+00,2.014000000000001067e-01
1.830000000000000000e+02,1.000000000000000000e+00,2.014000000000001067e-01
1.840000000000000000e+02,1.000000000000000000e+00,2.030250000000000665e-01
1.850000000000000000e+02,1.000000000000000000e+00,2.046250000000000568e-01
1.860000000000000000e+02,1.000000000000000000e+00,2.038250000000001450e-01
1.870000000000000000e+02,1.000000000000000000e+00,2.030250000000000665e-01
1.880000000000000000e+02,1.000000000000000000e+00,2.046250000000000568e-01
1.890000000000000000e+02,1.000000000000000000e+00,2.094499999999999973e-01
1.900000000000000000e+02,1.000000000000000000e+00,2.094499999999999973e-01
1.910000000000000000e+02,1.000000000000000000e+00,2.094499999999999973e-01
1.920000000000000000e+02,1.000000000000000000e+00,2.094499999999999973e-01
1.930000000000000000e+02,1.000000000000000000e+00,2.110750000000001236e-01
1.940000000000000000e+02,1.000000000000000000e+00,2.159000000000000641e-01
1.950000000000000000e+02,1.000000000000000000e+00,2.175250000000000239e-01
1.960000000000000000e+02,1.000000000000000000e+00,2.175250000000000239e-01
1.970000000000000000e+02,1.000000000000000000e+00,2.175250000000000239e-01
1.980000000000000000e+02,1.000000000000000000e+00,2.175250000000000239e-01
1.990000000000000000e+02,1.000000000000000000e+00,2.183250000000001023e-01
2.000000000000000000e+02,1.000000000000000000e+00,2.215500000000000524e-01
2.010000000000000000e+02,1.000000000000000000e+00,2.239750000000000907e-01
2.020000000000000000e+02,1.000000000000000000e+00,2.231500000000000428e-01
2.030000000000000000e+02,1.000000000000000000e+00,2.239750000000000907e-01
2.040000000000000000e+02,1.000000000000000000e+00,2.231500000000000428e-01
2.050000000000000000e+02,1.000000000000000000e+00,2.247750000000001691e-01
2.060000000000000000e+02,1.000000000000000000e+00,2.239750000000000907e-01
2.070000000000000000e+02,1.000000000000000000e+00,2.247750000000001691e-01
2.080000000000000000e+02,1.000000000000000000e+00,2.255750000000000810e-01
2.090000000000000000e+02,1.000000000000000000e+00,2.255750000000000810e-01
2.100000000000000000e+02,1.000000000000000000e+00,2.255750000000000810e-01
2.110000000000000000e+02,1.000000000000000000e+00,2.255750000000000810e-01
2.120000000000000000e+02,1.000000000000000000e+00,2.255750000000000810e-01
2.130000000000000000e+02,1.000000000000000000e+00,2.255750000000000810e-01
2.140000000000000000e+02,1.000000000000000000e+00,2.255750000000000810e-01
2.150000000000000000e+02,1.000000000000000000e+00,2.255750000000000810e-01
2.160000000000000000e+02,1.000000000000000000e+00,2.255750000000000810e-01
2.170000000000000000e+02,1.000000000000000000e+00,2.255750000000000810e-01
2.180000000000000000e+02,1.000000000000000000e+00,2.255750000000000810e-01
2.190000000000000000e+02,1.000000000000000000e+00,2.255750000000000810e-01
2.200000000000000000e+02,1.000000000000000000e+00,2.255750000000000810e-01
2.210000000000000000e+02,1.000000000000000000e+00,2.255750000000000810e-01
2.220000000000000000e+02,1.000000000000000000e+00,2.320250000000001478e-01
2.230000000000000000e+02,1.000000000000000000e+00,2.328250000000000597e-01
2.240000000000000000e+02,1.000000000000000000e+00,2.336250000000001381e-01
2.250000000000000000e+02,1.000000000000000000e+00,2.336250000000001381e-01
2.260000000000000000e+02,1.000000000000000000e+00,2.336250000000001381e-01
2.270000000000000000e+02,1.000000000000000000e+00,2.328250000000000597e-01
2.280000000000000000e+02,1.000000000000000000e+00,2.320250000000001478e-01
2.290000000000000000e+02,1.000000000000000000e+00,2.336250000000001381e-01
2.300000000000000000e+02,1.000000000000000000e+00,2.336250000000001381e-01
2.310000000000000000e+02,1.000000000000000000e+00,2.352500000000000979e-01
2.320000000000000000e+02,1.000000000000000000e+00,2.417000000000001647e-01
2.330000000000000000e+02,1.000000000000000000e+00,2.417000000000001647e-01
2.340000000000000000e+02,1.000000000000000000e+00,2.433000000000001550e-01
2.350000000000000000e+02,1.000000000000000000e+00,2.481250000000000955e-01
2.360000000000000000e+02,1.000000000000000000e+00,2.497500000000000553e-01
2.370000000000000000e+02,1.000000000000000000e+00,2.497500000000000553e-01
2.380000000000000000e+02,1.000000000000000000e+00,2.505500000000001615e-01
2.390000000000000000e+02,1.000000000000000000e+00,2.497500000000000553e-01
2.400000000000000000e+02,1.000000000000000000e+00,2.497500000000000553e-01
2.410000000000000000e+02,1.000000000000000000e+00,2.497500000000000553e-01
2.420000000000000000e+02,1.000000000000000000e+00,2.497500000000000553e-01
2.430000000000000000e+02,1.000000000000000000e+00,2.513500000000000734e-01
2.440000000000000000e+02,1.000000000000000000e+00,2.570000000000000062e-01
2.450000000000000000e+02,1.000000000000000000e+00,2.578000000000001402e-01
2.460000000000000000e+02,1.000000000000000000e+00,2.578000000000001402e-01
2.470000000000000000e+02,1.000000000000000000e+00,2.578000000000001402e-01
2.480000000000000000e+02,1.000000000000000000e+00,2.586000000000000520e-01
2.490000000000000000e+02,1.000000000000000000e+00,2.594250000000000722e-01
2.500000000000000000e+02,1.000000000000000000e+00,2.618250000000001410e-01
2.510000000000000000e+02,1.000000000000000000e+00,2.642499999999999849e-01
2.520000000000000000e+02,1.000000000000000000e+00,2.642499999999999849e-01
2.530000000000000000e+02,1.000000000000000000e+00,2.650500000000001188e-01
2.540000000000000000e+02,1.000000000000000000e+00,2.650500000000001188e-01
2.550000000000000000e+02,1.000000000000000000e+00,2.658500000000000307e-01
2.560000000000000000e+02,1.000000000000000000e+00,2.658500000000000307e-01
2.570000000000000000e+02,1.000000000000000000e+00,2.658500000000000307e-01
2.580000000000000000e+02,1.000000000000000000e+00,2.658500000000000307e-01
2.590000000000000000e+02,1.000000000000000000e+00,2.658500000000000307e-01
2.600000000000000000e+02,1.000000000000000000e+00,2.658500000000000307e-01
2.610000000000000000e+02,1.000000000000000000e+00,2.658500000000000307e-01
2.620000000000000000e+02,1.000000000000000000e+00,2.658500000000000307e-01
2.630000000000000000e+02,1.000000000000000000e+00,2.658500000000000307e-01
2.640000000000000000e+02,1.000000000000000000e+00,2.658500000000000307e-01
2.650000000000000000e+02,1.000000000000000000e+00,2.658500000000000307e-01
2.660000000000000000e+02,1.000000000000000000e+00,2.658500000000000307e-01
2.670000000000000000e+02,1.000000000000000000e+00,2.658500000000000307e-01
2.680000000000000000e+02,1.000000000000000000e+00,2.658500000000000307e-01
2.690000000000000000e+02,1.000000000000000000e+00,2.658500000000000307e-01
2.700000000000000000e+02,1.000000000000000000e+00,2.658500000000000307e-01
2.710000000000000000e+02,1.000000000000000000e+00,2.658500000000000307e-01
2.720000000000000000e+02,1.000000000000000000e+00,2.658500000000000307e-01
2.730000000000000000e+02,1.000000000000000000e+00,2.650500000000001188e-01
2.740000000000000000e+02,1.000000000000000000e+00,2.610250000000000625e-01
2.750000000000000000e+02,1.000000000000000000e+00,2.578000000000001402e-01
2.760000000000000000e+02,1.000000000000000000e+00,2.578000000000001402e-01
2.770000000000000000e+02,1.000000000000000000e+00,2.586000000000000520e-01
2.780000000000000000e+02,1.000000000000000000e+00,2.578000000000001402e-01
2.790000000000000000e+02,1.000000000000000000e+00,2.578000000000001402e-01
2.800000000000000000e+02,1.000000000000000000e+00,2.578000000000001402e-01
2.810000000000000000e+02,1.000000000000000000e+00,2.586000000000000520e-01
2.820000000000000000e+02,1.000000000000000000e+00,2.578000000000001402e-01
2.830000000000000000e+02,1.000000000000000000e+00,2.586000000000000520e-01
2.840000000000000000e+02,1.000000000000000000e+00,2.610250000000000625e-01
2.850000000000000000e+02,1.000000000000000000e+00,2.634500000000000730e-01
2.860000000000000000e+02,1.000000000000000000e+00,2.650500000000001188e-01
2.870000000000000000e+02,1.000000000000000000e+00,2.650500000000001188e-01
2.880000000000000000e+02,1.000000000000000000e+00,2.658500000000000307e-01
2.890000000000000000e+02,1.000000000000000000e+00,2.658500000000000307e-01
2.900000000000000000e+02,1.000000000000000000e+00,2.658500000000000307e-01
2.910000000000000000e+02,1.000000000000000000e+00,2.666750000000000509e-01
2.920000000000000000e+02,1.000000000000000000e+00,2.658500000000000307e-01
2.930000000000000000e+02,1.000000000000000000e+00,2.674750000000001293e-01
2.940000000000000000e+02,1.000000000000000000e+00,2.707000000000000517e-01
2.950000000000000000e+02,1.000000000000000000e+00,2.723000000000000975e-01
2.960000000000000000e+02,1.000000000000000000e+00,2.715000000000001856e-01
2.970000000000000000e+02,1.000000000000000000e+00,2.698750000000000315e-01
2.980000000000000000e+02,1.000000000000000000e+00,2.723000000000000975e-01
2.990000000000000000e+02,1.000000000000000000e+00,2.739250000000000296e-01
3.000000000000000000e+02,1.000000000000000000e+00,2.731000000000001759e-01
3.010000000000000000e+02,1.000000000000000000e+00,2.731000000000001759e-01
3.020000000000000000e+02,1.000000000000000000e+00,2.723000000000000975e-01
3.030000000000000000e+02,1.000000000000000000e+00,2.698750000000000315e-01
3.040000000000000000e+02,1.000000000000000000e+00,2.690750000000001196e-01
3.050000000000000000e+02,1.000000000000000000e+00,2.723000000000000975e-01
3.060000000000000000e+02,1.000000000000000000e+00,2.731000000000001759e-01
3.070000000000000000e+02,1.000000000000000000e+00,2.739250000000000296e-01
3.080000000000000000e+02,1.000000000000000000e+00,2.739250000000000296e-01
3.090000000000000000e+02,1.000000000000000000e+00,2.739250000000000296e-01
3.100000000000000000e+02,1.000000000000000000e+00,2.739250000000000296e-01
3.110000000000000000e+02,1.000000000000000000e+00,2.747250000000001080e-01
3.120000000000000000e+02,1.000000000000000000e+00,2.739250000000000296e-01
3.130000000000000000e+02,1.000000000000000000e+00,2.739250000000000296e-01
3.140000000000000000e+02,1.000000000000000000e+00,2.739250000000000296e-01
3.150000000000000000e+02,1.000000000000000000e+00,2.731000000000001759e-01
3.160000000000000000e+02,1.000000000000000000e+00,2.731000000000001759e-01
3.170000000000000000e+02,1.000000000000000000e+00,2.739250000000000296e-01
3.180000000000000000e+02,1.000000000000000000e+00,2.739250000000000296e-01
3.190000000000000000e+02,1.000000000000000000e+00,2.739250000000000296e-01
3.200000000000000000e+02,1.000000000000000000e+00,2.739250000000000296e-01
3.210000000000000000e+02,1.000000000000000000e+00,2.739250000000000296e-01
3.220000000000000000e+02,1.000000000000000000e+00,2.755250000000000199e-01
3.230000000000000000e+02,1.000000000000000000e+00,2.803500000000001546e-01
3.240000000000000000e+02,1.000000000000000000e+00,2.819750000000000867e-01
3.250000000000000000e+02,1.000000000000000000e+00,2.819750000000000867e-01
3.260000000000000000e+02,1.000000000000000000e+00,2.819750000000000867e-01
3.270000000000000000e+02,1.000000000000000000e+00,2.819750000000000867e-01
3.280000000000000000e+02,1.000000000000000000e+00,2.852000000000000091e-01
3.290000000000000000e+02,1.000000000000000000e+00,2.884250000000001535e-01
3.300000000000000000e+02,1.000000000000000000e+00,2.900250000000001438e-01
3.310000000000000000e+02,1.000000000000000000e+00,2.900250000000001438e-01
3.320000000000000000e+02,1.000000000000000000e+00,2.900250000000001438e-01
3.330000000000000000e+02,1.000000000000000000e+00,2.900250000000001438e-01
3.340000000000000000e+02,1.000000000000000000e+00,2.900250000000001438e-01
3.350000000000000000e+02,1.000000000000000000e+00,2.916500000000000759e-01
3.360000000000000000e+02,1.000000000000000000e+00,2.916500000000000759e-01
3.370000000000000000e+02,1.000000000000000000e+00,2.940500000000000336e-01
3.380000000000000000e+02,1.000000000000000000e+00,2.924499999999999877e-01
3.390000000000000000e+02,1.000000000000000000e+00,2.932500000000001217e-01
3.400000000000000000e+02,1.000000000000000000e+00,2.900250000000001438e-01
3.410000000000000000e+02,1.000000000000000000e+00,2.908250000000000557e-01
3.420000000000000000e+02,1.000000000000000000e+00,2.900250000000001438e-01
3.430000000000000000e+02,1.000000000000000000e+00,2.900250000000001438e-01
3.440000000000000000e+02,1.000000000000000000e+00,2.892250000000000654e-01
3.450000000000000000e+02,1.000000000000000000e+00,2.876000000000001333e-01
3.460000000000000000e+02,1.000000000000000000e+00,2.844000000000000972e-01
3.470000000000000000e+02,1.000000000000000000e+00,2.819750000000000867e-01
3.480000000000000000e+02,1.000000000000000000e+00,2.819750000000000867e-01
3.490000000000000000e+02,1.000000000000000000e+00,2.827749999999999986e-01
3.500000000000000000e+02,1.000000000000000000e+00,2.819750000000000867e-01
3.510000000000000000e+02,1.000000000000000000e+00,2.819750000000000867e-01
3.520000000000000000e+02,1.000000000000000000e+00,2.827749999999999986e-01
3.530000000000000000e+02,1.000000000000000000e+00,2.819750000000000867e-01
3.540000000000000000e+02,1.000000000000000000e+00,2.827749999999999986e-01
3.550000000000000000e+02,1.000000000000000000e+00,2.827749999999999986e-01
3.560000000000000000e+02,1.000000000000000000e+00,2.819750000000000867e-01
3.570000000000000000e+02,1.000000000000000000e+00,2.819750000000000867e-01
3.580000000000000000e+02,1.000000000000000000e+00,2.827749999999999986e-01
3.590000000000000000e+02,1.000000000000000000e+00,2.819750000000000867e-01
3.600000000000000000e+02,1.000000000000000000e+00,2.844000000000000972e-01
3.610000000000000000e+02,1.000000000000000000e+00,2.835750000000000770e-01
3.620000000000000000e+02,1.000000000000000000e+00,2.827749999999999986e-01
3.630000000000000000e+02,1.000000000000000000e+00,2.819750000000000867e-01
3.640000000000000000e+02,1.000000000000000000e+00,2.819750000000000867e-01
3.650000000000000000e+02,1.000000000000000000e+00,2.819750000000000867e-01
3.660000000000000000e+02,1.000000000000000000e+00,2.819750000000000867e-01
3.670000000000000000e+02,1.000000000000000000e+00,2.819750000000000867e-01
3.680000000000000000e+02,1.000000000000000000e+00,2.819750000000000867e-01
3.690000000000000000e+02,1.000000000000000000e+00,2.819750000000000867e-01
3.700000000000000000e+02,1.000000000000000000e+00,2.819750000000000867e-01
3.710000000000000000e+02,1.000000000000000000e+00,2.819750000000000867e-01
3.720000000000000000e+02,1.000000000000000000e+00,2.819750000000000867e-01
3.730000000000000000e+02,1.000000000000000000e+00,2.819750000000000867e-01
3.740000000000000000e+02,1.000000000000000000e+00,2.819750000000000867e-01
3.750000000000000000e+02,1.000000000000000000e+00,2.819750000000000867e-01
3.760000000000000000e+02,1.000000000000000000e+00,2.819750000000000867e-01
3.770000000000000000e+02,1.000000000000000000e+00,2.819750000000000867e-01
3.780000000000000000e+02,1.000000000000000000e+00,2.819750000000000867e-01
3.790000000000000000e+02,1.000000000000000000e+00,2.819750000000000867e-01
3.800000000000000000e+02,1.000000000000000000e+00,2.827749999999999986e-01
3.810000000000000000e+02,1.000000000000000000e+00,2.819750000000000867e-01
3.820000000000000000e+02,1.000000000000000000e+00,2.844000000000000972e-01
3.830000000000000000e+02,1.000000000000000000e+00,2.827749999999999986e-01
3.840000000000000000e+02,1.000000000000000000e+00,2.827749999999999986e-01
3.850000000000000000e+02,1.000000000000000000e+00,2.852000000000000091e-01
3.860000000000000000e+02,1.000000000000000000e+00,2.819750000000000867e-01
3.870000000000000000e+02,1.000000000000000000e+00,2.827749999999999986e-01
3.880000000000000000e+02,1.000000000000000000e+00,2.892250000000000654e-01
