t,MV,PV,DV
0.000000000000000000e+00,3.000000000000000000e+01,4.406900000000000261e+01,5.000000000000000000e+01
1.000000000000000000e+00,3.000000000000000000e+01,4.406900000000000261e+01,5.000000000000000000e+01
2.000000000000000000e+00,3.000000000000000000e+01,4.406900000000000261e+01,5.000000000000000000e+01
3.000000000000000000e+00,3.000000000000000000e+01,4.406900000000000261e+01,5.000000000000000000e+01
4.000000000000000000e+00,3.000000000000000000e+01,4.410199999999999676e+01,5.000000000000000000e+01
5.000000000000000000e+00,3.000000000000000000e+01,4.410199999999999676e+01,5.000000000000000000e+01
6.000000000000000000e+00,7.000000000000000000e+01,4.410199999999999676e+01,5.000000000000000000e+01
7.000000000000000000e+00,7.000000000000000000e+01,4.410199999999999676e+01,5.000000000000000000e+01
8.000000000000000000e+00,7.000000000000000000e+01,4.416599999999999682e+01,5.000000000000000000e+01
9.000000000000000000e+00,7.000000000000000000e+01,4.413400000000000034e+01,5.000000000000000000e+01
1.000000000000000000e+01,7.000000000000000000e+01,4.413400000000000034e+01,5.000000000000000000e+01
1.100000000000000000e+01,7.000000000000000000e+01,4.432699999999999818e+01,5.000000000000000000e+01
1.200000000000000000e+01,7.000000000000000000e+01,4.429500000000000171e+01,5.000000000000000000e+01
1.300000000000000000e+01,7.000000000000000000e+01,4.410199999999999676e+01,5.000000000000000000e+01
1.400000000000000000e+01,7.000000000000000000e+01,4.410199999999999676e+01,5.000000000000000000e+01
1.500000000000000000e+01,7.000000000000000000e+01,4.410199999999999676e+01,5.000000000000000000e+01
1.600000000000000000e+01,7.000000000000000000e+01,4.419800000000000040e+01,5.000000000000000000e+01
1.700000000000000000e+01,7.000000000000000000e+01,4.413400000000000034e+01,5.000000000000000000e+01
1.800000000000000000e+01,7.000000000000000000e+01,4.410199999999999676e+01,5.000000000000000000e+01
1.900000000000000000e+01,7.000000000000000000e+01,4.429500000000000171e+01,5.000000000000000000e+01
2.000000000000000000e+01,7.000000000000000000e+01,4.429500000000000171e+01,5.000000000000000000e+01
2.100000000000000000e+01,7.000000000000000000e+01,4.435900000000000176e+01,5.000000000000000000e+01
2.200000000000000000e+01,7.000000000000000000e+01,4.439200000000000301e+01,5.000000000000000000e+01
2.300000000000000000e+01,7.000000000000000000e+01,4.442399999999999949e+01,5.000000000000000000e+01
2.400000000000000000e+01,7.000000000000000000e+01,4.442399999999999949e+01,5.000000000000000000e+01
2.500000000000000000e+01,7.000000000000000000e+01,4.442399999999999949e+01,5.000000000000000000e+01
2.600000000000000000e+01,7.000000000000000000e+01,4.442399999999999949e+01,5.000000000000000000e+01
2.700000000000000000e+01,7.000000000000000000e+01,4.448799999999999955e+01,5.000000000000000000e+01
2.800000000000000000e+01,7.000000000000000000e+01,4.455299999999999727e+01,5.000000000000000000e+01
2.900000000000000000e+01,7.000000000000000000e+01,4.452100000000000080e+01,5.000000000000000000e+01
3.000000000000000000e+01,7.000000000000000000e+01,4.474600000000000222e+01,5.000000000000000000e+01
3.100000000000000000e+01,7.000000000000000000e+01,4.474600000000000222e+01,5.000000000000000000e+01
3.200000000000000000e+01,7.000000000000000000e+01,4.474600000000000222e+01,5.000000000000000000e+01
3.300000000000000000e+01,7.000000000000000000e+01,4.481099999999999994e+01,5.000000000000000000e+01
3.400000000000000000e+01,7.000000000000000000e+01,4.490699999999999648e+01,5.000000000000000000e+01
3.500000000000000000e+01,7.000000000000000000e+01,4.506799999999999784e+01,5.000000000000000000e+01
3.600000000000000000e+01,7.000000000000000000e+01,4.506799999999999784e+01,5.000000000000000000e+01
3.700000000000000000e+01,7.000000000000000000e+01,4.506799999999999784e+01,5.000000000000000000e+01
3.800000000000000000e+01,7.000000000000000000e+01,4.506799999999999784e+01,5.000000000000000000e+01
3.900000000000000000e+01,7.000000000000000000e+01,4.506799999999999784e+01,5.000000000000000000e+01
4.000000000000000000e+01,7.000000000000000000e+01,4.532600000000000051e+01,5.000000000000000000e+01
4.100000000000000000e+01,7.000000000000000000e+01,4.539099999999999824e+01,5.000000000000000000e+01
4.200000000000000000e+01,7.000000000000000000e+01,4.539099999999999824e+01,5.000000000000000000e+01
4.300000000000000000e+01,7.000000000000000000e+01,4.539099999999999824e+01,5.000000000000000000e+01
4.400000000000000000e+01,7.000000000000000000e+01,4.542300000000000182e+01,5.000000000000000000e+01
4.500000000000000000e+01,7.000000000000000000e+01,4.545499999999999829e+01,5.000000000000000000e+01
4.600000000000000000e+01,7.000000000000000000e+01,4.571300000000000097e+01,5.000000000000000000e+01
4.700000000000000000e+01,7.000000000000000000e+01,4.571300000000000097e+01,5.000000000000000000e+01
4.800000000000000000e+01,7.000000000000000000e+01,4.581000000000000227e+01,5.000000000000000000e+01
4.900000000000000000e+01,7.000000000000000000e+01,4.600300000000000011e+01,5.000000000000000000e+01
5.000000000000000000e+01,7.000000000000000000e+01,4.603499999999999659e+01,5.000000000000000000e+01
5.100000000000000000e+01,7.000000000000000000e+01,4.603499999999999659e+01,5.000000000000000000e+01
5.200000000000000000e+01,7.000000000000000000e+01,4.603499999999999659e+01,5.000000000000000000e+01
5.300000000000000000e+01,7.000000000000000000e+01,4.619599999999999795e+01,5.000000000000000000e+01
5.400000000000000000e+01,7.000000000000000000e+01,4.635699999999999932e+01,5.000000000000000000e+01
5.500000000000000000e+01,7.000000000000000000e+01,4.635699999999999932e+01,5.000000000000000000e+01
5.600000000000000000e+01,7.000000000000000000e+01,4.635699999999999932e+01,5.000000000000000000e+01
5.700000000000000000e+01,7.000000000000000000e+01,4.635699999999999932e+01,5.000000000000000000e+01
5.800000000000000000e+01,7.000000000000000000e+01,4.655100000000000193e+01,5.000000000000000000e+01
5.900000000000000000e+01,7.000000000000000000e+01,4.667999999999999972e+01,5.000000000000000000e+01
6.000000000000000000e+01,7.000000000000000000e+01,4.667999999999999972e+01,5.000000000000000000e+01
6.100000000000000000e+01,7.000000000000000000e+01,4.667999999999999972e+01,5.000000000000000000e+01
6.200000000000000000e+01,7.000000000000000000e+01,4.667999999999999972e+01,5.000000000000000000e+01
6.300000000000000000e+01,7.000000000000000000e+01,4.667999999999999972e+01,5.000000000000000000e+01
6.400000000000000000e+01,7.000000000000000000e+01,4.671200000000000330e+01,5.000000000000000000e+01
6.500000000000000000e+01,7.000000000000000000e+01,4.671200000000000330e+01,5.000000000000000000e+01
6.600000000000000000e+01,7.000000000000000000e+01,4.674399999999999977e+01,5.000000000000000000e+01
6.700000000000000000e+01,7.000000000000000000e+01,4.696999999999999886e+01,5.000000000000000000e+01
6.800000000000000000e+01,7.000000000000000000e+01,4.700200000000000244e+01,5.000000000000000000e+01
6.900000000000000000e+01,7.000000000000000000e+01,4.700200000000000244e+01,5.000000000000000000e+01
7.000000000000000000e+01,7.000000000000000000e+01,4.732399999999999807e+01,5.000000000000000000e+01
7.100000000000000000e+01,7.000000000000000000e+01,4.732399999999999807e+01,5.000000000000000000e+01
7.200000000000000000e+01,7.000000000000000000e+01,4.732399999999999807e+01,5.000000000000000000e+01
7.300000000000000000e+01,7.000000000000000000e+01,4.742099999999999937e+01,5.000000000000000000e+01
7.400000000000000000e+01,7.000000000000000000e+01,4.758200000000000074e+01,5.000000000000000000e+01
7.500000000000000000e+01,7.000000000000000000e+01,4.758200000000000074e+01,5.000000000000000000e+01
7.600000000000000000e+01,7.000000000000000000e+01,4.764600000000000080e+01,5.000000000000000000e+01
7.700000000000000000e+01,7.000000000000000000e+01,4.764600000000000080e+01,5.000000000000000000e+01
7.800000000000000000e+01,7.000000000000000000e+01,4.764600000000000080e+01,5.000000000000000000e+01
7.900000000000000000e+01,7.000000000000000000e+01,4.774300000000000210e+01,5.000000000000000000e+01
8.000000000000000000e+01,7.000000000000000000e+01,4.796900000000000119e+01,5.000000000000000000e+01
8.100000000000000000e+01,7.000000000000000000e+01,4.796900000000000119e+01,5.000000000000000000e+01
8.200000000000000000e+01,7.000000000000000000e+01,4.796900000000000119e+01,5.000000000000000000e+01
8.300000000000000000e+01,7.000000000000000000e+01,4.806499999999999773e+01,5.000000000000000000e+01
8.400000000000000000e+01,7.000000000000000000e+01,4.800099999999999767e+01,5.000000000000000000e+01
8.500000000000000000e+01,7.000000000000000000e+01,4.819400000000000261e+01,5.000000000000000000e+01
8.600000000000000000e+01,7.000000000000000000e+01,4.829099999999999682e+01,5.000000000000000000e+01
8.700000000000000000e+01,7.000000000000000000e+01,4.829099999999999682e+01,5.000000000000000000e+01
8.800000000000000000e+01,7.000000000000000000e+01,4.829099999999999682e+01,5.000000000000000000e+01
8.900000000000000000e+01,7.000000000000000000e+01,4.829099999999999682e+01,5.000000000000000000e+01
9.000000000000000000e+01,7.000000000000000000e+01,4.835499999999999687e+01,5.000000000000000000e+01
9.100000000000000000e+01,7.000000000000000000e+01,4.861299999999999955e+01,5.000000000000000000e+01
9.200000000000000000e+01,7.000000000000000000e+01,4.861299999999999955e+01,5.000000000000000000e+01
9.300000000000000000e+01,7.000000000000000000e+01,4.861299999999999955e+01,5.000000000000000000e+01
9.400000000000000000e+01,7.000000000000000000e+01,4.867799999999999727e+01,5.000000000000000000e+01
9.500000000000000000e+01,7.000000000000000000e+01,4.887100000000000222e+01,5.000000000000000000e+01
9.600000000000000000e+01,7.000000000000000000e+01,4.893599999999999994e+01,5.000000000000000000e+01
9.700000000000000000e+01,7.000000000000000000e+01,4.893599999999999994e+01,5.000000000000000000e+01
9.800000000000000000e+01,7.000000000000000000e+01,4.893599999999999994e+01,5.000000000000000000e+01
9.900000000000000000e+01,7.000000000000000000e+01,4.916100000000000136e+01,5.000000000000000000e+01
1.000000000000000000e+02,7.000000000000000000e+01,4.916100000000000136e+01,5.000000000000000000e+01
1.010000000000000000e+02,7.000000000000000000e+01,4.922599999999999909e+01,5.000000000000000000e+01
1.020000000000000000e+02,7.000000000000000000e+01,4.925800000000000267e+01,5.000000000000000000e+01
1.030000000000000000e+02,7.000000000000000000e+01,4.925800000000000267e+01,5.000000000000000000e+01
1.040000000000000000e+02,7.000000000000000000e+01,4.925800000000000267e+01,5.000000000000000000e+01
1.050000000000000000e+02,7.000000000000000000e+01,4.941899999999999693e+01,5.000000000000000000e+01
1.060000000000000000e+02,7.000000000000000000e+01,4.957999999999999829e+01,5.000000000000000000e+01
1.070000000000000000e+02,7.000000000000000000e+01,4.957999999999999829e+01,5.000000000000000000e+01
1.080000000000000000e+02,7.000000000000000000e+01,4.957999999999999829e+01,5.000000000000000000e+01
1.090000000000000000e+02,7.000000000000000000e+01,4.977300000000000324e+01,5.000000000000000000e+01
1.100000000000000000e+02,7.000000000000000000e+01,4.990200000000000102e+01,5.000000000000000000e+01
1.110000000000000000e+02,7.000000000000000000e+01,4.990200000000000102e+01,5.000000000000000000e+01
1.120000000000000000e+02,7.000000000000000000e+01,4.993500000000000227e+01,5.000000000000000000e+01
1.130000000000000000e+02,7.000000000000000000e+01,5.006300000000000239e+01,5.000000000000000000e+01
1.140000000000000000e+02,7.000000000000000000e+01,5.019200000000000017e+01,5.000000000000000000e+01
1.150000000000000000e+02,7.000000000000000000e+01,5.022500000000000142e+01,5.000000000000000000e+01
1.160000000000000000e+02,7.000000000000000000e+01,5.022500000000000142e+01,5.000000000000000000e+01
1.170000000000000000e+02,7.000000000000000000e+01,5.022500000000000142e+01,5.000000000000000000e+01
1.180000000000000000e+02,7.000000000000000000e+01,5.032099999999999795e+01,5.000000000000000000e+01
1.190000000000000000e+02,7.000000000000000000e+01,5.048199999999999932e+01,5.000000000000000000e+01
1.200000000000000000e+02,7.000000000000000000e+01,5.054699999999999704e+01,5.000000000000000000e+01
1.210000000000000000e+02,7.000000000000000000e+01,5.054699999999999704e+01,5.000000000000000000e+01
1.220000000000000000e+02,7.000000000000000000e+01,5.054699999999999704e+01,5.000000000000000000e+01
1.230000000000000000e+02,7.000000000000000000e+01,5.054699999999999704e+01,5.000000000000000000e+01
1.240000000000000000e+02,7.000000000000000000e+01,5.054699999999999704e+01,5.000000000000000000e+01
1.250000000000000000e+02,7.000000000000000000e+01,5.054699999999999704e+01,5.000000000000000000e+01
1.260000000000000000e+02,7.000000000000000000e+01,5.057900000000000063e+01,5.000000000000000000e+01
1.270000000000000000e+02,7.000000000000000000e+01,5.061099999999999710e+01,5.000000000000000000e+01
1.280000000000000000e+02,7.000000000000000000e+01,5.067600000000000193e+01,5.000000000000000000e+01
1.290000000000000000e+02,7.000000000000000000e+01,5.086899999999999977e+01,5.000000000000000000e+01
1.300000000000000000e+02,7.000000000000000000e+01,5.086899999999999977e+01,5.000000000000000000e+01
1.310000000000000000e+02,7.000000000000000000e+01,5.086899999999999977e+01,5.000000000000000000e+01
1.320000000000000000e+02,7.000000000000000000e+01,5.086899999999999977e+01,5.000000000000000000e+01
1.330000000000000000e+02,7.000000000000000000e+01,5.070799999999999841e+01,5.000000000000000000e+01
1.340000000000000000e+02,7.000000000000000000e+01,5.077199999999999847e+01,5.000000000000000000e+01
1.350000000000000000e+02,7.000000000000000000e+01,5.086899999999999977e+01,5.000000000000000000e+01
1.360000000000000000e+02,7.000000000000000000e+01,5.086899999999999977e+01,5.000000000000000000e+01
1.370000000000000000e+02,7.000000000000000000e+01,5.086899999999999977e+01,5.000000000000000000e+01
1.380000000000000000e+02,7.000000000000000000e+01,5.090100000000000335e+01,5.000000000000000000e+01
1.390000000000000000e+02,7.000000000000000000e+01,5.096600000000000108e+01,5.000000000000000000e+01
1.400000000000000000e+02,7.000000000000000000e+01,5.112700000000000244e+01,5.000000000000000000e+01
1.410000000000000000e+02,7.000000000000000000e+01,5.115899999999999892e+01,5.000000000000000000e+01
1.420000000000000000e+02,7.000000000000000000e+01,5.119100000000000250e+01,5.000000000000000000e+01
1.430000000000000000e+02,7.000000000000000000e+01,5.119100000000000250e+01,5.000000000000000000e+01
1.440000000000000000e+02,7.000000000000000000e+01,5.119100000000000250e+01,5.000000000000000000e+01
1.450000000000000000e+02,7.000000000000000000e+01,5.135300000000000153e+01,5.000000000000000000e+01
1.460000000000000000e+02,7.000000000000000000e+01,5.138499999999999801e+01,5.000000000000000000e+01
1.470000000000000000e+02,7.000000000000000000e+01,5.144899999999999807e+01,5.000000000000000000e+01
1.480000000000000000e+02,7.000000000000000000e+01,5.151400000000000290e+01,5.000000000000000000e+01
1.490000000000000000e+02,7.000000000000000000e+01,5.151400000000000290e+01,5.000000000000000000e+01
1.500000000000000000e+02,7.000000000000000000e+01,5.151400000000000290e+01,5.000000000000000000e+01
1.510000000000000000e+02,7.000000000000000000e+01,5.151400000000000290e+01,5.000000000000000000e+01
1.520000000000000000e+02,7.000000000000000000e+01,5.151400000000000290e+01,5.000000000000000000e+01
1.530000000000000000e+02,7.000000000000000000e+01,5.151400000000000290e+01,5.000000000000000000e+01
1.540000000000000000e+02,7.000000000000000000e+01,5.148100000000000165e+01,5.000000000000000000e+01
1.550000000000000000e+02,7.000000000000000000e+01,5.151400000000000290e+01,5.000000000000000000e+01
1.560000000000000000e+02,7.000000000000000000e+01,5.151400000000000290e+01,5.000000000000000000e+01
1.570000000000000000e+02,7.000000000000000000e+01,5.151400000000000290e+01,5.000000000000000000e+01
1.580000000000000000e+02,7.000000000000000000e+01,5.151400000000000290e+01,5.000000000000000000e+01
1.590000000000000000e+02,7.000000000000000000e+01,5.151400000000000290e+01,5.000000000000000000e+01
1.600000000000000000e+02,7.000000000000000000e+01,5.151400000000000290e+01,5.000000000000000000e+01
1.610000000000000000e+02,7.000000000000000000e+01,5.151400000000000290e+01,5.000000000000000000e+01
1.620000000000000000e+02,7.000000000000000000e+01,5.157800000000000296e+01,5.000000000000000000e+01
1.630000000000000000e+02,7.000000000000000000e+01,5.167499999999999716e+01,5.000000000000000000e+01
1.640000000000000000e+02,7.000000000000000000e+01,5.167499999999999716e+01,5.000000000000000000e+01
1.650000000000000000e+02,7.000000000000000000e+01,5.167499999999999716e+01,5.000000000000000000e+01
1.660000000000000000e+02,7.000000000000000000e+01,5.173899999999999721e+01,5.000000000000000000e+01
1.670000000000000000e+02,7.000000000000000000e+01,5.183599999999999852e+01,5.000000000000000000e+01
1.680000000000000000e+02,7.000000000000000000e+01,5.183599999999999852e+01,5.000000000000000000e+01
1.690000000000000000e+02,7.000000000000000000e+01,5.183599999999999852e+01,5.000000000000000000e+01
1.700000000000000000e+02,7.000000000000000000e+01,5.164300000000000068e+01,5.000000000000000000e+01
1.710000000000000000e+02,7.000000000000000000e+01,5.122399999999999665e+01,5.000000000000000000e+01
1.720000000000000000e+02,7.000000000000000000e+01,5.132000000000000028e+01,5.000000000000000000e+01
1.730000000000000000e+02,7.000000000000000000e+01,5.151400000000000290e+01,5.000000000000000000e+01
1.740000000000000000e+02,7.000000000000000000e+01,5.151400000000000290e+01,5.000000000000000000e+01
1.750000000000000000e+02,7.000000000000000000e+01,5.154599999999999937e+01,5.000000000000000000e+01
1.760000000000000000e+02,7.000000000000000000e+01,5.173899999999999721e+01,5.000000000000000000e+01
1.770000000000000000e+02,7.000000000000000000e+01,5.183599999999999852e+01,5.000000000000000000e+01
1.780000000000000000e+02,7.000000000000000000e+01,5.183599999999999852e+01,5.000000000000000000e+01
1.790000000000000000e+02,7.000000000000000000e+01,5.183599999999999852e+01,5.000000000000000000e+01
1.800000000000000000e+02,7.000000000000000000e+01,5.206199999999999761e+01,5.000000000000000000e+01
1.810000000000000000e+02,7.000000000000000000e+01,5.215800000000000125e+01,5.000000000000000000e+01
1.820000000000000000e+02,7.000000000000000000e+01,5.215800000000000125e+01,5.000000000000000000e+01
1.830000000000000000e+02,7.000000000000000000e+01,5.215800000000000125e+01,5.000000000000000000e+01
1.840000000000000000e+02,7.000000000000000000e+01,5.215800000000000125e+01,5.000000000000000000e+01
1.850000000000000000e+02,7.000000000000000000e+01,5.215800000000000125e+01,5.000000000000000000e+01
1.860000000000000000e+02,7.000000000000000000e+01,5.215800000000000125e+01,5.000000000000000000e+01
1.870000000000000000e+02,7.000000000000000000e+01,5.215800000000000125e+01,5.000000000000000000e+01
1.880000000000000000e+02,7.000000000000000000e+01,5.215800000000000125e+01,5.000000000000000000e+01
1.890000000000000000e+02,7.000000000000000000e+01,5.222299999999999898e+01,5.000000000000000000e+01
1.900000000000000000e+02,7.000000000000000000e+01,5.228699999999999903e+01,5.000000000000000000e+01
1.910000000000000000e+02,7.000000000000000000e+01,5.225500000000000256e+01,5.000000000000000000e+01
1.920000000000000000e+02,7.000000000000000000e+01,5.222299999999999898e+01,5.000000000000000000e+01
1.930000000000000000e+02,7.000000000000000000e+01,5.228699999999999903e+01,5.000000000000000000e+01
1.940000000000000000e+02,7.000000000000000000e+01,5.247999999999999687e+01,5.000000000000000000e+01
1.950000000000000000e+02,7.000000000000000000e+01,5.247999999999999687e+01,5.000000000000000000e+01
1.960000000000000000e+02,7.000000000000000000e+01,5.247999999999999687e+01,5.000000000000000000e+01
1.970000000000000000e+02,7.000000000000000000e+01,5.247999999999999687e+01,5.000000000000000000e+01
1.980000000000000000e+02,7.000000000000000000e+01,5.254500000000000171e+01,5.000000000000000000e+01
1.990000000000000000e+02,7.000000000000000000e+01,5.273799999999999955e+01,5.000000000000000000e+01
2.000000000000000000e+02,7.000000000000000000e+01,5.280299999999999727e+01,5.000000000000000000e+01
2.010000000000000000e+02,7.000000000000000000e+01,5.280299999999999727e+01,5.000000000000000000e+01
2.020000000000000000e+02,7.000000000000000000e+01,5.280299999999999727e+01,5.000000000000000000e+01
2.030000000000000000e+02,7.000000000000000000e+01,5.280299999999999727e+01,5.000000000000000000e+01
2.040000000000000000e+02,7.000000000000000000e+01,5.283500000000000085e+01,5.000000000000000000e+01
2.050000000000000000e+02,7.000000000000000000e+01,5.296399999999999864e+01,5.000000000000000000e+01
2.060000000000000000e+02,7.000000000000000000e+01,5.306099999999999994e+01,5.000000000000000000e+01
2.070000000000000000e+02,7.000000000000000000e+01,5.302799999999999869e+01,5.000000000000000000e+01
2.080000000000000000e+02,7.000000000000000000e+01,5.306099999999999994e+01,5.000000000000000000e+01
2.090000000000000000e+02,7.000000000000000000e+01,5.302799999999999869e+01,5.000000000000000000e+01
2.100000000000000000e+02,7.000000000000000000e+01,5.309300000000000352e+01,5.000000000000000000e+01
2.110000000000000000e+02,7.000000000000000000e+01,5.306099999999999994e+01,5.000000000000000000e+01
2.120000000000000000e+02,7.000000000000000000e+01,5.309300000000000352e+01,5.000000000000000000e+01
2.130000000000000000e+02,7.000000000000000000e+01,5.312500000000000000e+01,5.000000000000000000e+01
2.140000000000000000e+02,7.000000000000000000e+01,5.312500000000000000e+01,5.000000000000000000e+01
2.150000000000000000e+02,7.000000000000000000e+01,5.312500000000000000e+01,5.000000000000000000e+01
2.160000000000000000e+02,7.000000000000000000e+01,5.312500000000000000e+01,5.000000000000000000e+01
2.170000000000000000e+02,7.000000000000000000e+01,5.312500000000000000e+01,5.000000000000000000e+01
2.180000000000000000e+02,7.000000000000000000e+01,5.312500000000000000e+01,5.000000000000000000e+01
2.190000000000000000e+02,7.000000000000000000e+01,5.312500000000000000e+01,5.000000000000000000e+01
2.200000000000000000e+02,7.000000000000000000e+01,5.312500000000000000e+01,5.000000000000000000e+01
2.210000000000000000e+02,7.000000000000000000e+01,5.312500000000000000e+01,5.000000000000000000e+01
2.220000000000000000e+02,7.000000000000000000e+01,5.312500000000000000e+01,5.000000000000000000e+01
2.230000000000000000e+02,7.000000000000000000e+01,5.312500000000000000e+01,5.000000000000000000e+01
2.240000000000000000e+02,7.000000000000000000e+01,5.312500000000000000e+01,5.000000000000000000e+01
2.250000000000000000e+02,7.000000000000000000e+01,5.312500000000000000e+01,5.000000000000000000e+01
2.260000000000000000e+02,7.000000000000000000e+01,5.312500000000000000e+01,5.000000000000000000e+01
2.270000000000000000e+02,7.000000000000000000e+01,5.338300000000000267e+01,5.000000000000000000e+01
2.280000000000000000e+02,7.000000000000000000e+01,5.341499999999999915e+01,5.000000000000000000e+01
2.290000000000000000e+02,7.000000000000000000e+01,5.344700000000000273e+01,5.000000000000000000e+01
2.300000000000000000e+02,7.000000000000000000e+01,5.344700000000000273e+01,5.000000000000000000e+01
2.310000000000000000e+02,7.000000000000000000e+01,5.344700000000000273e+01,5.000000000000000000e+01
2.320000000000000000e+02,7.000000000000000000e+01,5.341499999999999915e+01,5.000000000000000000e+01
2.330000000000000000e+02,7.000000000000000000e+01,5.338300000000000267e+01,5.000000000000000000e+01
2.340000000000000000e+02,7.000000000000000000e+01,5.344700000000000273e+01,5.000000000000000000e+01
2.350000000000000000e+02,7.000000000000000000e+01,5.344700000000000273e+01,5.000000000000000000e+01
2.360000000000000000e+02,7.000000000000000000e+01,5.351200000000000045e+01,5.000000000000000000e+01
2.370000000000000000e+02,7.000000000000000000e+01,5.377000000000000313e+01,5.000000000000000000e+01
2.380000000000000000e+02,7.000000000000000000e+01,5.377000000000000313e+01,5.000000000000000000e+01
2.390000000000000000e+02,7.000000000000000000e+01,5.383400000000000318e+01,5.000000000000000000e+01
2.400000000000000000e+02,7.000000000000000000e+01,5.402700000000000102e+01,5.000000000000000000e+01
2.410000000000000000e+02,7.000000000000000000e+01,5.409199999999999875e+01,5.000000000000000000e+01
2.420000000000000000e+02,7.000000000000000000e+01,5.409199999999999875e+01,5.000000000000000000e+01
2.430000000000000000e+02,7.000000000000000000e+01,5.412400000000000233e+01,5.000000000000000000e+01
2.440000000000000000e+02,7.000000000000000000e+01,5.409199999999999875e+01,5.000000000000000000e+01
2.450000000000000000e+02,7.000000000000000000e+01,5.409199999999999875e+01,5.000000000000000000e+01
2.460000000000000000e+02,7.000000000000000000e+01,5.409199999999999875e+01,5.000000000000000000e+01
2.470000000000000000e+02,7.000000000000000000e+01,5.409199999999999875e+01,5.000000000000000000e+01
2.480000000000000000e+02,7.000000000000000000e+01,5.415599999999999881e+01,5.000000000000000000e+01
2.490000000000000000e+02,7.000000000000000000e+01,5.438199999999999790e+01,5.000000000000000000e+01
2.500000000000000000e+02,7.000000000000000000e+01,5.441400000000000148e+01,5.000000000000000000e+01
2.510000000000000000e+02,7.000000000000000000e+01,5.441400000000000148e+01,5.000000000000000000e+01
2.520000000000000000e+02,7.000000000000000000e+01,5.441400000000000148e+01,5.000000000000000000e+01
2.530000000000000000e+02,7.000000000000000000e+01,5.444599999999999795e+01,5.000000000000000000e+01
2.540000000000000000e+02,7.000000000000000000e+01,5.447899999999999920e+01,5.000000000000000000e+01
2.550000000000000000e+02,7.000000000000000000e+01,5.457500000000000284e+01,5.000000000000000000e+01
2.560000000000000000e+02,7.000000000000000000e+01,5.467199999999999704e+01,5.000000000000000000e+01
2.570000000000000000e+02,7.000000000000000000e+01,5.467199999999999704e+01,5.000000000000000000e+01
2.580000000000000000e+02,7.000000000000000000e+01,5.470400000000000063e+01,5.000000000000000000e+01
2.590000000000000000e+02,7.000000000000000000e+01,5.470400000000000063e+01,5.000000000000000000e+01
2.600000000000000000e+02,7.000000000000000000e+01,5.473599999999999710e+01,5.000000000000000000e+01
2.610000000000000000e+02,7.000000000000000000e+01,5.473599999999999710e+01,5.000000000000000000e+01
2.620000000000000000e+02,7.000000000000000000e+01,5.473599999999999710e+01,5.000000000000000000e+01
2.630000000000000000e+02,7.000000000000000000e+01,5.473599999999999710e+01,5.000000000000000000e+01
2.640000000000000000e+02,7.000000000000000000e+01,5.473599999999999710e+01,5.000000000000000000e+01
2.650000000000000000e+02,7.000000000000000000e+01,5.473599999999999710e+01,5.000000000000000000e+01
2.660000000000000000e+02,7.000000000000000000e+01,5.473599999999999710e+01,5.000000000000000000e+01
2.670000000000000000e+02,7.000000000000000000e+01,5.473599999999999710e+01,5.000000000000000000e+01
2.680000000000000000e+02,7.000000000000000000e+01,5.473599999999999710e+01,5.000000000000000000e+01
2.690000000000000000e+02,7.000000000000000000e+01,5.473599999999999710e+01,5.000000000000000000e+01
2.700000000000000000e+02,7.000000000000000000e+01,5.473599999999999710e+01,5.000000000000000000e+01
2.710000000000000000e+02,7.000000000000000000e+01,5.473599999999999710e+01,5.000000000000000000e+01
2.720000000000000000e+02,7.000000000000000000e+01,5.473599999999999710e+01,5.000000000000000000e+01
2.730000000000000000e+02,7.000000000000000000e+01,5.473599999999999710e+01,5.000000000000000000e+01
2.740000000000000000e+02,7.000000000000000000e+01,5.473599999999999710e+01,5.000000000000000000e+01
2.750000000000000000e+02,7.000000000000000000e+01,5.473599999999999710e+01,5.000000000000000000e+01
2.760000000000000000e+02,7.000000000000000000e+01,5.473599999999999710e+01,5.000000000000000000e+01
2.770000000000000000e+02,7.000000000000000000e+01,5.473599999999999710e+01,5.000000000000000000e+01
2.780000000000000000e+02,7.000000000000000000e+01,5.470400000000000063e+01,5.000000000000000000e+01
2.790000000000000000e+02,7.000000000000000000e+01,5.454299999999999926e+01,5.000000000000000000e+01
2.800000000000000000e+02,7.000000000000000000e+01,5.441400000000000148e+01,5.000000000000000000e+01
2.810000000000000000e+02,7.000000000000000000e+01,5.441400000000000148e+01,5.000000000000000000e+01
2.820000000000000000e+02,7.000000000000000000e+01,5.444599999999999795e+01,5.000000000000000000e+01
2.830000000000000000e+02,7.000000000000000000e+01,5.441400000000000148e+01,5.000000000000000000e+01
2.840000000000000000e+02,7.000000000000000000e+01,5.441400000000000148e+01,5.000000000000000000e+01
2.850000000000000000e+02,7.000000000000000000e+01,5.441400000000000148e+01,5.000000000000000000e+01
2.860000000000000000e+02,7.000000000000000000e+01,5.444599999999999795e+01,5.000000000000000000e+01
2.870000000000000000e+02,7.000000000000000000e+01,5.441400000000000148e+01,5.000000000000000000e+01
2.880000000000000000e+02,7.000000000000000000e+01,5.444599999999999795e+01,5.000000000000000000e+01
2.890000000000000000e+02,7.000000000000000000e+01,5.454299999999999926e+01,5.000000000000000000e+01
2.900000000000000000e+02,7.000000000000000000e+01,5.464000000000000057e+01,5.000000000000000000e+01
2.910000000000000000e+02,7.000000000000000000e+01,5.470400000000000063e+01,5.000000000000000000e+01
2.920000000000000000e+02,7.000000000000000000e+01,5.470400000000000063e+01,5.000000000000000000e+01
2.930000000000000000e+02,7.000000000000000000e+01,5.473599999999999710e+01,5.000000000000000000e+01
2.940000000000000000e+02,7.000000000000000000e+01,5.473599999999999710e+01,5.000000000000000000e+01
2.950000000000000000e+02,7.000000000000000000e+01,5.473599999999999710e+01,5.000000000000000000e+01
2.960000000000000000e+02,7.000000000000000000e+01,5.476899999999999835e+01,5.000000000000000000e+01
2.970000000000000000e+02,7.000000000000000000e+01,5.473599999999999710e+01,5.000000000000000000e+01
2.980000000000000000e+02,7.000000000000000000e+01,5.480100000000000193e+01,5.000000000000000000e+01
2.990000000000000000e+02,7.000000000000000000e+01,5.492999999999999972e+01,5.000000000000000000e+01
3.000000000000000000e+02,7.000000000000000000e+01,5.499399999999999977e+01,5.000000000000000000e+01
3.010000000000000000e+02,7.000000000000000000e+01,5.496200000000000330e+01,5.000000000000000000e+01
3.020000000000000000e+02,7.000000000000000000e+01,5.489699999999999847e+01,5.000000000000000000e+01
3.030000000000000000e+02,7.000000000000000000e+01,5.499399999999999977e+01,5.000000000000000000e+01
3.040000000000000000e+02,7.000000000000000000e+01,5.505899999999999750e+01,5.000000000000000000e+01
3.050000000000000000e+02,7.000000000000000000e+01,5.502600000000000335e+01,5.000000000000000000e+01
3.060000000000000000e+02,7.000000000000000000e+01,5.502600000000000335e+01,5.000000000000000000e+01
3.070000000000000000e+02,7.000000000000000000e+01,5.499399999999999977e+01,5.000000000000000000e+01
3.080000000000000000e+02,7.000000000000000000e+01,5.489699999999999847e+01,5.000000000000000000e+01
3.090000000000000000e+02,7.000000000000000000e+01,5.486500000000000199e+01,5.000000000000000000e+01
3.100000000000000000e+02,7.000000000000000000e+01,5.499399999999999977e+01,5.000000000000000000e+01
3.110000000000000000e+02,7.000000000000000000e+01,5.502600000000000335e+01,5.000000000000000000e+01
3.120000000000000000e+02,7.000000000000000000e+01,5.505899999999999750e+01,5.000000000000000000e+01
3.130000000000000000e+02,7.000000000000000000e+01,5.505899999999999750e+01,5.000000000000000000e+01
3.140000000000000000e+02,7.000000000000000000e+01,5.505899999999999750e+01,5.000000000000000000e+01
3.150000000000000000e+02,7.000000000000000000e+01,5.505899999999999750e+01,5.000000000000000000e+01
3.160000000000000000e+02,7.000000000000000000e+01,5.509100000000000108e+01,5.000000000000000000e+01
3.170000000000000000e+02,7.000000000000000000e+01,5.505899999999999750e+01,5.000000000000000000e+01
3.180000000000000000e+02,7.000000000000000000e+01,5.505899999999999750e+01,5.000000000000000000e+01
3.190000000000000000e+02,7.000000000000000000e+01,5.505899999999999750e+01,5.000000000000000000e+01
3.200000000000000000e+02,7.000000000000000000e+01,5.502600000000000335e+01,5.000000000000000000e+01
3.210000000000000000e+02,7.000000000000000000e+01,5.502600000000000335e+01,5.000000000000000000e+01
3.220000000000000000e+02,7.000000000000000000e+01,5.505899999999999750e+01,5.000000000000000000e+01
3.230000000000000000e+02,7.000000000000000000e+01,5.505899999999999750e+01,5.000000000000000000e+01
3.240000000000000000e+02,7.000000000000000000e+01,5.505899999999999750e+01,5.000000000000000000e+01
3.250000000000000000e+02,7.000000000000000000e+01,5.505899999999999750e+01,5.000000000000000000e+01
3.260000000000000000e+02,7.000000000000000000e+01,5.505899999999999750e+01,5.000000000000000000e+01
3.270000000000000000e+02,7.000000000000000000e+01,5.512299999999999756e+01,5.000000000000000000e+01
3.280000000000000000e+02,7.000000000000000000e+01,5.531600000000000250e+01,5.000000000000000000e+01
3.290000000000000000e+02,7.000000000000000000e+01,5.538100000000000023e+01,5.000000000000000000e+01
3.300000000000000000e+02,7.000000000000000000e+01,5.538100000000000023e+01,5.000000000000000000e+01
3.310000000000000000e+02,7.000000000000000000e+01,5.538100000000000023e+01,5.000000000000000000e+01
3.320000000000000000e+02,7.000000000000000000e+01,5.538100000000000023e+01,5.000000000000000000e+01
3.330000000000000000e+02,7.000000000000000000e+01,5.550999999999999801e+01,5.000000000000000000e+01
3.340000000000000000e+02,7.000000000000000000e+01,5.563900000000000290e+01,5.000000000000000000e+01
3.350000000000000000e+02,7.000000000000000000e+01,5.570300000000000296e+01,5.000000000000000000e+01
3.360000000000000000e+02,7.000000000000000000e+01,5.570300000000000296e+01,5.000000000000000000e+01
3.370000000000000000e+02,7.000000000000000000e+01,5.570300000000000296e+01,5.000000000000000000e+01
3.380000000000000000e+02,7.000000000000000000e+01,5.570300000000000296e+01,5.000000000000000000e+01
3.390000000000000000e+02,7.000000000000000000e+01,5.570300000000000296e+01,5.000000000000000000e+01
3.400000000000000000e+02,7.000000000000000000e+01,5.576800000000000068e+01,5.000000000000000000e+01
3.410000000000000000e+02,7.000000000000000000e+01,5.576800000000000068e+01,5.000000000000000000e+01
3.420000000000000000e+02,7.000000000000000000e+01,5.586399999999999721e+01,5.000000000000000000e+01
3.430000000000000000e+02,7.000000000000000000e+01,5.579999999999999716e+01,5.000000000000000000e+01
3.440000000000000000e+02,7.000000000000000000e+01,5.583200000000000074e+01,5.000000000000000000e+01
3.450000000000000000e+02,7.000000000000000000e+01,5.570300000000000296e+01,5.000000000000000000e+01
3.460000000000000000e+02,7.000000000000000000e+01,5.573499999999999943e+01,5.000000000000000000e+01
3.470000000000000000e+02,7.000000000000000000e+01,5.570300000000000296e+01,5.000000000000000000e+01
3.480000000000000000e+02,7.000000000000000000e+01,5.570300000000000296e+01,5.000000000000000000e+01
3.490000000000000000e+02,7.000000000000000000e+01,5.567099999999999937e+01,5.000000000000000000e+01
3.500000000000000000e+02,7.000000000000000000e+01,5.560600000000000165e+01,5.000000000000000000e+01
3.510000000000000000e+02,7.000000000000000000e+01,5.547800000000000153e+01,5.000000000000000000e+01
3.520000000000000000e+02,7.000000000000000000e+01,5.538100000000000023e+01,5.000000000000000000e+01
3.530000000000000000e+02,7.000000000000000000e+01,5.538100000000000023e+01,5.000000000000000000e+01
3.540000000000000000e+02,7.000000000000000000e+01,5.541299999999999670e+01,5.000000000000000000e+01
3.550000000000000000e+02,7.000000000000000000e+01,5.538100000000000023e+01,5.000000000000000000e+01
3.560000000000000000e+02,7.000000000000000000e+01,5.538100000000000023e+01,5.000000000000000000e+01
3.570000000000000000e+02,7.000000000000000000e+01,5.541299999999999670e+01,5.000000000000000000e+01
3.580000000000000000e+02,7.000000000000000000e+01,5.538100000000000023e+01,5.000000000000000000e+01
3.590000000000000000e+02,7.000000000000000000e+01,5.541299999999999670e+01,5.000000000000000000e+01
3.600000000000000000e+02,7.000000000000000000e+01,5.541299999999999670e+01,5.000000000000000000e+01
3.610000000000000000e+02,7.000000000000000000e+01,5.538100000000000023e+01,5.000000000000000000e+01
3.620000000000000000e+02,7.000000000000000000e+01,5.538100000000000023e+01,5.000000000000000000e+01
3.630000000000000000e+02,7.000000000000000000e+01,5.541299999999999670e+01,5.000000000000000000e+01
3.640000000000000000e+02,7.000000000000000000e+01,5.538100000000000023e+01,5.000000000000000000e+01
3.650000000000000000e+02,7.000000000000000000e+01,5.547800000000000153e+01,5.000000000000000000e+01
3.660000000000000000e+02,7.000000000000000000e+01,5.544500000000000028e+01,5.000000000000000000e+01
3.670000000000000000e+02,7.000000000000000000e+01,5.541299999999999670e+01,5.000000000000000000e+01
3.680000000000000000e+02,7.000000000000000000e+01,5.538100000000000023e+01,5.000000000000000000e+01
3.690000000000000000e+02,7.000000000000000000e+01,5.538100000000000023e+01,5.000000000000000000e+01
3.700000000000000000e+02,7.000000000000000000e+01,5.538100000000000023e+01,5.000000000000000000e+01
3.710000000000000000e+02,7.000000000000000000e+01,5.538100000000000023e+01,5.000000000000000000e+01
3.720000000000000000e+02,7.000000000000000000e+01,5.538100000000000023e+01,5.000000000000000000e+01
3.730000000000000000e+02,7.000000000000000000e+01,5.538100000000000023e+01,5.000000000000000000e+01
3.740000000000000000e+02,7.000000000000000000e+01,5.538100000000000023e+01,5.000000000000000000e+01
3.750000000000000000e+02,7.000000000000000000e+01,5.538100000000000023e+01,5.000000000000000000e+01
3.760000000000000000e+02,7.000000000000000000e+01,5.538100000000000023e+01,5.000000000000000000e+01
3.770000000000000000e+02,7.000000000000000000e+01,5.538100000000000023e+01,5.000000000000000000e+01
3.780000000000000000e+02,7.000000000000000000e+01,5.538100000000000023e+01,5.000000000000000000e+01
3.790000000000000000e+02,7.000000000000000000e+01,5.538100000000000023e+01,5.000000000000000000e+01
3.800000000000000000e+02,7.000000000000000000e+01,5.538100000000000023e+01,5.000000000000000000e+01
3.810000000000000000e+02,7.000000000000000000e+01,5.538100000000000023e+01,5.000000000000000000e+01
3.820000000000000000e+02,7.000000000000000000e+01,5.538100000000000023e+01,5.000000000000000000e+01
3.830000000000000000e+02,7.000000000000000000e+01,5.538100000000000023e+01,5.000000000000000000e+01
3.840000000000000000e+02,7.000000000000000000e+01,5.538100000000000023e+01,5.000000000000000000e+01
3.850000000000000000e+02,7.000000000000000000e+01,5.541299999999999670e+01,5.000000000000000000e+01
3.860000000000000000e+02,7.000000000000000000e+01,5.538100000000000023e+01,5.000000000000000000e+01
3.870000000000000000e+02,7.000000000000000000e+01,5.547800000000000153e+01,5.000000000000000000e+01
3.880000000000000000e+02,7.000000000000000000e+01,5.541299999999999670e+01,5.000000000000000000e+01
3.890000000000000000e+02,7.000000000000000000e+01,5.541299999999999670e+01,5.000000000000000000e+01
3.900000000000000000e+02,7.000000000000000000e+01,5.550999999999999801e+01,5.000000000000000000e+01
3.910000000000000000e+02,7.000000000000000000e+01,5.538100000000000023e+01,5.000000000000000000e+01
3.920000000000000000e+02,7.000000000000000000e+01,5.541299999999999670e+01,5.000000000000000000e+01
3.930000000000000000e+02,7.000000000000000000e+01,5.567099999999999937e+01,5.000000000000000000e+01
